0.3017748296260834
-0.28740188479423523
-0.07666033506393433
-0.7186670899391174
0.36981040239334106
-0.16873157024383545
0.0894065722823143
0.7862526774406433
-0.745467483997345
-0.48401540517807007
0.39654475450515747
-0.11592286825180054
0.03710588812828064
-0.611701250076294
-0.8023418188095093
0.20789508521556854
0.06608691811561584
-0.3978751599788666
-0.3101177215576172
0.06379961967468262
0.16715574264526367
0.12152384221553802
-0.06569786369800568
-0.2735135555267334
0.09156572818756104
-0.23477613925933838
0.2694859504699707
0.1929255574941635
-0.6885135769844055
0.3809812664985657
-1.8343115470997873e-07
-0.15080626308918
-0.29634416103363037
-0.34205931425094604
-0.03395881876349449
0.6816806793212891
-0.5561146140098572
0.010554999113082886
0.6221585273742676
0.575886607170105
