-0.5555281043052673
0.18577080965042114
0.5604137182235718
-0.11093208193778992
-0.2174086570739746
-0.15019497275352478
-0.1793769896030426
-0.5645164847373962
0.32079118490219116
-0.37356865406036377
0.1659548282623291
-0.14058533310890198
-0.13011401891708374
0.08175426721572876
-0.26560550928115845
-0.3378724455833435
0.373940646648407
0.40695488452911377
-0.1124318540096283
0.25612038373947144
0.4768838882446289
-0.3261628746986389
-0.5711798667907715
-0.31870391964912415
-0.2884560525417328
0.5230922698974609
-0.3878592252731323
-0.427248477935791
0.35860371589660645
-0.19359880685806274
-0.2993510067462921
0.404751718044281
-0.45573049783706665
-0.44518008828163147
-0.10693308711051941
0.3687881827354431
0.3426220417022705
-0.4068644344806671
-0.07512271404266357
-0.3084530234336853
