 -0.20719771087169647
 -0.20719771087169647
 0.3353896141052246
 -0.20719771087169647
 0.3353896141052246
 0.4701395332813263
 -0.0421954020857811
 -0.0421954020857811
 0.2507553696632385
 -0.0421954020857811
 0.2507553696632385
 -0.053198859095573425
 0.0466652549803257
 0.0466652549803257
 -0.2594115138053894
 0.0466652549803257
 -0.2594115138053894
 0.04129326343536377
 -0.3532930612564087
 -0.3532930612564087
 0.5556743144989014
 -0.3532930612564087
 0.5556743144989014
 0.5319416522979736
 0.010805665515363216
 0.010805665515363216
 0.14398765563964844
 0.010805665515363216
 0.14398765563964844
 0.13225780427455902
 0.849405825138092
