5.688242435455322
0.169076070189476
-5.372959136962891
2.323498249053955
0.41894179582595825
7.507262706756592
-7.776975631713867
-0.0852850005030632
-1.9307920932769775
-0.8914484977722168
-1.2804651260375977
-1.3222652673721313
2.3301384449005127
2.5779547691345215
2.5486373901367188
-0.3877870440483093
0.018117964267730713
-0.26539257168769836
0.3306615352630615
1.208783745765686
-0.2458370327949524
-1.0732388496398926
0.03453924506902695
-0.5626557469367981
-0.850631594657898
-0.7521933913230896
-0.1199253499507904
-0.6809170246124268
0.04772113263607025
-0.436251699924469