0.06331802159547806
-0.11096597462892532
0.022877810522913933
0.3894841969013214
-0.057468242943286896
-7.256896495819092
0.8359453678131104
7.230409145355225
2.1175596714019775
-0.5619409084320068
1.0652074813842773
-0.048811350017786026
-0.2512970268726349
0.4988671541213989
-0.018194200471043587
0.03478137031197548
3.403996706008911
3.018960952758789
0.08057493716478348
0.07856563478708267
1.0715092420578003
-0.19654735922813416
-1.0248538255691528
-0.2088565081357956
-0.15788030624389648
-0.5277839303016663
-0.8663320541381836
-0.44816848635673523
0.12748196721076965
0.0145183764398098
