-0.7779179811477661
-0.019021818414330482
-0.44597089290618896
0.24074819684028625
0.13710761070251465
0.030600624158978462
-0.05192095413804054
0.25010213255882263
0.1647971272468567
0.09404169768095016
1.1658895015716553
0.9455479979515076
0.2624413073062897
0.975898265838623
0.14596115052700043
-0.25443390011787415
-0.36515212059020996
-0.026912152767181396
0.5646376013755798
1.3663333654403687
0.8664283752441406
0.9922727942466736
-0.32890957593917847
0.758979856967926
0.47718971967697144
0.556624174118042
1.1192049980163574
-0.8524417877197266
0.4393799304962158
-0.07523101568222046
0.5527817010879517
-0.39487791061401367
1.210621953010559
0.05354008078575134
0.015915442258119583
0.8445693850517273
1.123954176902771
-0.002496871864423156
1.2503228187561035
0.5193036198616028
