-0.27790480852127075
-3.4662766456604004
-0.6199939846992493
-1.1569451093673706
-0.21177761256694794
-0.9143645167350769
-0.962131142616272
-5.389893531799316
-5.128907680511475
-3.1334893703460693
-3.184035539627075
-0.04198914021253586
-0.3387828469276428
-0.14647504687309265
-0.28398385643959045
-0.29840290546417236
-0.0592367984354496
-0.31325915455818176
-0.9172570109367371
-0.42266523838043213
-0.004026178270578384
-0.6222244501113892
-1.101880669593811
-0.20441889762878418
-0.1459551602602005
-0.24138954281806946
-0.3330996632575989
2.95379376411438
